Average_Turnaround_Time: 196.132059, Average_Waiting_Time: 120.132059, Average_Response_Time: 10.202999
Burst_ID  	CPU_ID    	Burst_Length   	Arrival_Time   	Real_Start_Time     	Start_Time     	Finish_Time    	Turnaround_Time     	Waiting_Time        	Response_Time       	Finished  
1         	0         	60             	0.00           	0.06                	0.06           	20.13          	0.00                	0.00                	0.00                	N         
3         	2         	105            	20.00          	20.04               	20.04          	40.11          	0.00                	0.00                	0.00                	N         
2         	1         	85             	20.00          	20.04               	20.04          	40.11          	0.00                	0.00                	0.00                	N         
1         	0         	60             	0.00           	0.06                	20.13          	40.21          	0.00                	0.00                	0.00                	N         
4         	3         	75             	30.00          	30.02               	30.02          	50.10          	0.00                	0.00                	0.00                	N         
3         	2         	105            	20.00          	20.04               	40.11          	60.19          	0.00                	0.00                	0.00                	N         
2         	1         	85             	20.00          	20.04               	40.11          	60.19          	0.00                	0.00                	0.00                	N         
5         	0         	90             	30.00          	40.21               	40.21          	60.29          	0.00                	0.00                	0.00                	N         
8         	3         	30             	50.00          	50.10               	50.10          	70.18          	0.00                	0.00                	0.00                	N         
6         	1         	45             	50.00          	60.20               	60.20          	80.27          	0.00                	0.00                	0.00                	N         
7         	2         	35             	50.00          	60.20               	60.20          	80.27          	0.00                	0.00                	0.00                	N         
9         	0         	80             	50.00          	60.29               	60.29          	80.37          	0.00                	0.00                	0.00                	N         
12        	3         	175            	60.00          	70.18               	70.18          	90.26          	0.00                	0.00                	0.00                	N         
11        	2         	100            	60.00          	80.27               	80.27          	100.36         	0.00                	0.00                	0.00                	N         
10        	1         	95             	50.00          	80.27               	80.27          	100.44         	0.00                	0.00                	0.00                	N         
13        	0         	45             	70.00          	80.37               	80.37          	100.45         	0.00                	0.00                	0.00                	N         
4         	3         	75             	30.00          	30.02               	90.26          	110.34         	0.00                	0.00                	0.00                	N         
8         	3         	30             	50.00          	50.10               	110.34         	120.46         	70.46               	40.46               	0.10                	Y         
15        	2         	55             	80.00          	100.37              	100.37         	120.46         	0.00                	0.00                	0.00                	N         
14        	1         	65             	80.00          	100.44              	100.44         	120.52         	0.00                	0.00                	0.00                	N         
1         	0         	60             	0.00           	0.06                	100.45         	120.54         	120.54              	60.54               	0.06                	Y         
12        	3         	175            	60.00          	70.18               	120.46         	140.55         	0.00                	0.00                	0.00                	N         
3         	2         	105            	20.00          	20.04               	120.46         	140.56         	0.00                	0.00                	0.00                	N         
2         	1         	85             	20.00          	20.04               	120.52         	140.60         	0.00                	0.00                	0.00                	N         
5         	0         	90             	30.00          	40.21               	120.54         	140.62         	0.00                	0.00                	0.00                	N         
7         	2         	35             	50.00          	60.20               	140.56         	155.63         	105.63              	70.63               	10.20               	Y         
4         	3         	75             	30.00          	30.02               	140.55         	160.65         	0.00                	0.00                	0.00                	N         
6         	1         	45             	50.00          	60.20               	140.60         	160.69         	0.00                	0.00                	0.00                	N         
9         	0         	80             	50.00          	60.29               	140.63         	160.72         	0.00                	0.00                	0.00                	N         
11        	2         	100            	60.00          	80.27               	155.63         	175.72         	0.00                	0.00                	0.00                	N         
12        	3         	175            	60.00          	70.18               	160.65         	180.72         	0.00                	0.00                	0.00                	N         
10        	1         	95             	50.00          	80.27               	160.69         	180.76         	0.00                	0.00                	0.00                	N         
13        	0         	45             	70.00          	80.37               	160.72         	180.79         	0.00                	0.00                	0.00                	N         
4         	3         	75             	30.00          	30.02               	180.72         	195.82         	165.82              	90.82               	0.02                	Y         
15        	2         	55             	80.00          	100.37              	175.72         	195.82         	0.00                	0.00                	0.00                	N         
14        	1         	65             	80.00          	100.44              	180.76         	200.85         	0.00                	0.00                	0.00                	N         
5         	0         	90             	30.00          	40.21               	180.79         	200.86         	0.00                	0.00                	0.00                	N         
3         	2         	105            	20.00          	20.04               	195.82         	215.89         	0.00                	0.00                	0.00                	N         
12        	3         	175            	60.00          	70.18               	195.82         	215.90         	0.00                	0.00                	0.00                	N         
2         	1         	85             	20.00          	20.04               	200.85         	220.93         	0.00                	0.00                	0.00                	N         
9         	0         	80             	50.00          	60.29               	200.86         	220.94         	0.00                	0.00                	0.00                	N         
6         	1         	45             	50.00          	60.20               	220.93         	226.03         	176.03              	131.03              	10.20               	Y         
13        	0         	45             	70.00          	80.37               	220.94         	226.03         	156.03              	111.03              	10.37               	Y         
11        	2         	100            	60.00          	80.27               	215.89         	235.99         	0.00                	0.00                	0.00                	N         
12        	3         	175            	60.00          	70.18               	215.90         	236.02         	0.00                	0.00                	0.00                	N         
10        	1         	95             	50.00          	80.27               	226.03         	246.14         	0.00                	0.00                	0.00                	N         
5         	0         	90             	30.00          	40.21               	226.05         	246.14         	0.00                	0.00                	0.00                	N         
15        	2         	55             	80.00          	100.37              	235.99         	251.06         	171.06              	116.06              	20.37               	Y         
12        	3         	175            	60.00          	70.18               	236.02         	256.12         	0.00                	0.00                	0.00                	N         
9         	0         	80             	50.00          	60.29               	246.14         	266.30         	216.30              	136.30              	10.29               	Y         
14        	1         	65             	80.00          	100.44              	246.18         	266.31         	0.00                	0.00                	0.00                	N         
3         	2         	105            	20.00          	20.04               	251.07         	271.18         	0.00                	0.00                	0.00                	N         
2         	1         	85             	20.00          	20.04               	266.31         	271.43         	251.43              	166.43              	0.04                	Y         
12        	3         	175            	60.00          	70.18               	256.14         	276.22         	0.00                	0.00                	0.00                	N         
5         	0         	90             	30.00          	40.21               	266.31         	276.38         	246.38              	156.38              	10.21               	Y         
11        	2         	100            	60.00          	80.27               	271.18         	291.26         	0.00                	0.00                	0.00                	N         
10        	1         	95             	50.00          	80.27               	271.44         	291.50         	0.00                	0.00                	0.00                	N         
12        	3         	175            	60.00          	70.18               	276.23         	296.30         	0.00                	0.00                	0.00                	N         
3         	2         	105            	20.00          	20.04               	291.26         	296.33         	276.33              	171.33              	0.04                	Y         
14        	1         	65             	80.00          	100.44              	291.50         	296.56         	216.56              	151.56              	20.44               	Y         
12        	3         	175            	60.00          	70.18               	296.30         	311.37         	251.37              	76.37               	10.18               	Y         
10        	1         	95             	50.00          	80.27               	296.56         	311.64         	261.64              	166.64              	30.27               	Y         
11        	2         	100            	60.00          	80.27               	296.33         	316.40         	256.40              	156.40              	20.27               	Y         
