Average_Turnaround_Time: 807.144883, Average_Waiting_Time: 731.144883, Average_Response_Time: 94.015617
Burst_ID  	CPU_ID    	Burst_Length   	Arrival_Time   	Real_Start_Time     	Start_Time     	Finish_Time    	Turnaround_Time     	Waiting_Time        	Response_Time       	Finished  
1         	0         	60             	0.00           	0.13                	0.13           	20.20          	0.00                	0.00                	0.00                	N         
2         	0         	85             	20.00          	20.21               	20.21          	40.28          	0.00                	0.00                	0.00                	N         
3         	0         	105            	20.00          	40.28               	40.28          	60.35          	0.00                	0.00                	0.00                	N         
4         	0         	75             	30.00          	60.36               	60.36          	80.42          	0.00                	0.00                	0.00                	N         
5         	0         	90             	30.00          	80.42               	80.42          	100.50         	0.00                	0.00                	0.00                	N         
6         	0         	45             	50.00          	100.50              	100.50         	120.57         	0.00                	0.00                	0.00                	N         
7         	0         	35             	50.00          	120.57              	120.57         	140.65         	0.00                	0.00                	0.00                	N         
8         	0         	30             	50.00          	140.65              	140.65         	160.72         	0.00                	0.00                	0.00                	N         
9         	0         	80             	50.00          	160.72              	160.72         	180.79         	0.00                	0.00                	0.00                	N         
10        	0         	95             	50.00          	180.79              	180.79         	200.90         	0.00                	0.00                	0.00                	N         
11        	0         	100            	60.00          	200.90              	200.90         	220.97         	0.00                	0.00                	0.00                	N         
12        	0         	175            	60.00          	220.98              	220.98         	241.10         	0.00                	0.00                	0.00                	N         
13        	0         	45             	70.00          	241.14              	241.14         	261.26         	0.00                	0.00                	0.00                	N         
14        	0         	65             	80.00          	261.26              	261.26         	281.33         	0.00                	0.00                	0.00                	N         
15        	0         	55             	80.00          	281.33              	281.33         	301.40         	0.00                	0.00                	0.00                	N         
1         	0         	60             	0.00           	0.13                	301.40         	321.46         	0.00                	0.00                	0.00                	N         
2         	0         	85             	20.00          	20.21               	321.46         	341.53         	0.00                	0.00                	0.00                	N         
3         	0         	105            	20.00          	40.28               	341.53         	361.61         	0.00                	0.00                	0.00                	N         
4         	0         	75             	30.00          	60.36               	361.61         	381.69         	0.00                	0.00                	0.00                	N         
5         	0         	90             	30.00          	80.42               	381.69         	401.76         	0.00                	0.00                	0.00                	N         
6         	0         	45             	50.00          	100.50              	401.77         	421.88         	0.00                	0.00                	0.00                	N         
7         	0         	35             	50.00          	120.57              	421.88         	436.95         	386.95              	351.95              	70.57               	Y         
8         	0         	30             	50.00          	140.65              	436.95         	447.08         	397.08              	367.08              	90.65               	Y         
9         	0         	80             	50.00          	160.72              	447.08         	467.19         	0.00                	0.00                	0.00                	N         
10        	0         	95             	50.00          	180.79              	467.19         	487.35         	0.00                	0.00                	0.00                	N         
11        	0         	100            	60.00          	200.90              	487.36         	507.52         	0.00                	0.00                	0.00                	N         
12        	0         	175            	60.00          	220.98              	507.52         	527.59         	0.00                	0.00                	0.00                	N         
13        	0         	45             	70.00          	241.14              	527.59         	547.72         	0.00                	0.00                	0.00                	N         
14        	0         	65             	80.00          	261.26              	547.72         	567.79         	0.00                	0.00                	0.00                	N         
15        	0         	55             	80.00          	281.33              	567.79         	587.86         	0.00                	0.00                	0.00                	N         
1         	0         	60             	0.00           	0.13                	587.86         	607.93         	607.93              	547.93              	0.13                	Y         
2         	0         	85             	20.00          	20.21               	607.93         	628.00         	0.00                	0.00                	0.00                	N         
3         	0         	105            	20.00          	40.28               	628.00         	648.07         	0.00                	0.00                	0.00                	N         
4         	0         	75             	30.00          	60.36               	648.07         	668.14         	0.00                	0.00                	0.00                	N         
5         	0         	90             	30.00          	80.42               	668.14         	688.21         	0.00                	0.00                	0.00                	N         
6         	0         	45             	50.00          	100.50              	688.22         	693.28         	643.28              	598.28              	50.50               	Y         
9         	0         	80             	50.00          	160.72              	693.28         	713.35         	0.00                	0.00                	0.00                	N         
10        	0         	95             	50.00          	180.79              	713.35         	733.44         	0.00                	0.00                	0.00                	N         
11        	0         	100            	60.00          	200.90              	733.45         	753.53         	0.00                	0.00                	0.00                	N         
12        	0         	175            	60.00          	220.98              	753.53         	773.60         	0.00                	0.00                	0.00                	N         
13        	0         	45             	70.00          	241.14              	773.60         	778.67         	708.67              	663.67              	171.14              	Y         
14        	0         	65             	80.00          	261.26              	778.67         	798.74         	0.00                	0.00                	0.00                	N         
15        	0         	55             	80.00          	281.33              	798.74         	813.81         	733.81              	678.81              	201.33              	Y         
2         	0         	85             	20.00          	20.21               	813.82         	833.92         	0.00                	0.00                	0.00                	N         
3         	0         	105            	20.00          	40.28               	833.92         	854.06         	0.00                	0.00                	0.00                	N         
4         	0         	75             	30.00          	60.36               	854.07         	869.22         	839.22              	764.22              	30.36               	Y         
5         	0         	90             	30.00          	80.42               	869.22         	889.35         	0.00                	0.00                	0.00                	N         
9         	0         	80             	50.00          	160.72              	889.35         	909.43         	859.43              	779.43              	110.72              	Y         
10        	0         	95             	50.00          	180.79              	909.43         	929.51         	0.00                	0.00                	0.00                	N         
11        	0         	100            	60.00          	200.90              	929.51         	949.59         	0.00                	0.00                	0.00                	N         
12        	0         	175            	60.00          	220.98              	949.59         	969.70         	0.00                	0.00                	0.00                	N         
14        	0         	65             	80.00          	261.26              	969.70         	974.77         	894.77              	829.77              	181.26              	Y         
2         	0         	85             	20.00          	20.21               	974.77         	979.85         	959.85              	874.85              	0.21                	Y         
3         	0         	105            	20.00          	40.28               	979.85         	999.91         	0.00                	0.00                	0.00                	N         
5         	0         	90             	30.00          	80.42               	999.92         	1009.99        	979.99              	889.99              	50.42               	Y         
10        	0         	95             	50.00          	180.79              	1009.99        	1025.06        	975.06              	880.06              	130.79              	Y         
11        	0         	100            	60.00          	200.90              	1025.06        	1045.19        	985.19              	885.19              	140.90              	Y         
12        	0         	175            	60.00          	220.98              	1045.19        	1065.26        	0.00                	0.00                	0.00                	N         
3         	0         	105            	20.00          	40.28               	1065.26        	1070.33        	1050.33             	945.33              	20.28               	Y         
12        	0         	175            	60.00          	220.98              	1070.33        	1090.40        	0.00                	0.00                	0.00                	N         
12        	0         	175            	60.00          	220.98              	1090.40        	1110.47        	0.00                	0.00                	0.00                	N         
12        	0         	175            	60.00          	220.98              	1110.47        	1130.54        	0.00                	0.00                	0.00                	N         
12        	0         	175            	60.00          	220.98              	1130.54        	1145.61        	1085.61             	910.61              	160.98              	Y         
